%YAML:1.0
---
LM: !!opencv-matrix
   rows: 3
   cols: 3
   dt: d
   data: [ 1.4827493368161147e+03, 0., 1.0328887919273677e+03, 0.,
       1.4820071217380928e+03, 5.9791383582416245e+02, 0., 0., 1. ]
LD: !!opencv-matrix
   rows: 1
   cols: 5
   dt: d
   data: [ -4.2347560494322689e-01, 1.7628901550027290e-01,
       1.7622784910263337e-03, 6.6582846455948315e-04, 0. ]
RM: !!opencv-matrix
   rows: 3
   cols: 3
   dt: d
   data: [ 1.4827493368161147e+03, 0., 1.0328887919273677e+03, 0.,
       1.4820071217380928e+03, 5.9791383582416245e+02, 0., 0., 1. ]
RD: !!opencv-matrix
   rows: 1
   cols: 5
   dt: d
   data: [ -4.2347560494322689e-01, 1.7628901550027290e-01,
       1.7622784910263337e-03, 6.6582846455948315e-04, 0. ]
R: !!opencv-matrix
   rows: 3
   cols: 3
   dt: d
   data: [ 9.9962357502433896e-01, -8.8489164791454526e-03,
       2.5969307513000771e-02, 7.9942637394340970e-03,
       9.9942893249152021e-01, 3.2831397261231986e-02,
       -2.6244999577520654e-02, -3.2611433209927619e-02,
       9.9912346305207467e-01 ]
T: !!opencv-matrix
   rows: 3
   cols: 1
   dt: d
   data: [ -5.3427299409061754e-02, -3.3251458785236049e-05,
       -1.2661762131531949e-02 ]
HW: !!opencv-matrix
   rows: 2
   cols: 1
   dt: i
   data: [ 720, 1280 ]