%YAML:1.0
---
LM: !!opencv-matrix
   rows: 3
   cols: 3
   dt: d
   data: [ 6.5853022290704030e+02, 0., 3.4036023180236401e+02, 0.,
       6.5891394354085230e+02, 2.3536182328000595e+02, 0., 0., 1. ]
LD: !!opencv-matrix
   rows: 1
   cols: 5
   dt: d
   data: [ -4.5189655052359901e-01, 2.5076763881941705e-01,
       1.2419609859073795e-03, -3.2978024473785824e-04, 0. ]
RM: !!opencv-matrix
   rows: 3
   cols: 3
   dt: d
   data: [ 6.5853022290704030e+02, 0., 3.4036023180236401e+02, 0.,
       6.5891394354085230e+02, 2.3536182328000595e+02, 0., 0., 1. ]
RD: !!opencv-matrix
   rows: 1
   cols: 5
   dt: d
   data: [ -4.5189655052359901e-01, 2.5076763881941705e-01,
       1.2419609859073795e-03, -3.2978024473785824e-04, 0. ]
R: !!opencv-matrix
   rows: 3
   cols: 3
   dt: d
   data: [ 9.9940911556441281e-01, 6.9740294768402492e-03,
       3.3656836446912128e-02, -8.4212117683380334e-03,
       9.9903743672108802e-01, 4.3049776098265768e-02,
       -3.3324209204583302e-02, -4.3307770002785559e-02,
       9.9850585082826382e-01 ]
T: !!opencv-matrix
   rows: 3
   cols: 1
   dt: d
   data: [ -5.5857352510886610e-02, 8.9910560943287101e-04,
       1.9398305350611942e-03 ]
HW: !!opencv-matrix
   rows: 2
   cols: 1
   dt: i
   data: [ 480, 640 ]